ced2016	ced_name2016	2001	2002	2003	2004	2005	2006	2007	2008	2009	2010	2011	2012r	2013r	2014r	2015p
ACT1	Canberra	182512	182901	182835	182392	183194	184122	185930	187070	188802	189940	189890	190678	191271	191301	191764
ACT2	Fenner	139568	142190	144963	146976	148618	151434	157084	161668	166350	172201	178484	184902	190048	194450	199353
NSW1	Banks	138496	138557	138502	138872	139664	140455	142636	145115	147509	149465	151226	153192	155203	157472	158760
NSW10	Cowper	141668	143508	145124	146798	147994	148719	150373	152284	153881	155846	157138	157995	159059	160469	161551
NSW11	Cunningham	144250	145279	145540	145512	145638	145685	147128	149371	151407	153479	154957	156009	157709	158614	160151
NSW12	Dobell	131919	133759	135151	135946	136891	137903	140032	143362	145986	148134	149741	151257	152645	154347	155305
NSW13	Eden-Monaro	128763	131033	133331	134569	135980	137756	139400	141062	142953	145101	146237	147448	148229	149362	149891
NSW14	Farrer	161152	161085	160579	160099	160171	160701	161026	161277	161875	162240	162249	162955	163605	165197	166399
NSW15	Fowler	152786	152258	151576	150588	150685	150680	152374	155427	157965	159341	160436	162521	164852	166701	168249
NSW16	Gilmore	132467	134282	135673	136387	137487	137988	139476	140717	142578	144505	146157	147092	148060	149935	151568
NSW17	Grayndler	136100	135942	136011	136110	136494	137297	140064	142574	144689	146571	148118	149356	151016	152616	154123
NSW18	Greenway	117724	121311	123830	126445	129032	132212	136730	141328	145553	150510	154345	158190	163035	167367	171191
NSW19	Hughes	139405	139507	139013	138267	137551	137314	138586	140782	142705	143268	143505	143784	144592	145829	146828
NSW2	Barton	145114	145549	146609	147253	148413	150016	152668	156050	159007	160845	161929	164265	166446	168501	170815
NSW20	Hume	120844	122663	123982	124614	125538	126310	128057	130638	133605	136117	138584	141345	144557	147666	151493
NSW21	Hunter	139457	140816	141730	142348	143009	143564	145186	147254	149141	151152	153060	155034	157153	159137	161216
NSW22	Kingsford Smith	150911	151174	151185	150854	151349	152402	155393	158996	162663	165461	167637	170119	173602	176322	180244
NSW23	Lindsay	144505	145301	145274	144522	144904	145215	146598	149095	151092	152300	154049	156687	159802	163370	167319
NSW24	Lyne	126899	128718	130434	131897	133135	133731	135234	136671	138438	140088	141408	142753	144028	145162	146389
NSW25	Macarthur	139846	140556	140885	140526	141047	141022	142386	143683	144990	145606	146454	148354	150310	153838	158566
NSW26	Mackellar	136493	136622	136520	136510	137414	138338	139683	141238	143839	145745	147361	149134	151063	153795	155501
NSW27	Macquarie	138961	139394	139487	138432	137669	137312	138360	140167	141587	142198	142816	143309	144184	145033	145842
NSW28	McMahon	147506	147067	146934	146750	147996	149061	151370	154472	157529	159457	160992	163116	165978	167858	169869
NSW29	Mitchell	111897	117043	121635	125198	128352	131139	133277	136237	139592	141846	143410	146070	149047	152848	156705
NSW3	Bennelong	142496	142336	142617	143134	143785	144700	147619	150216	152163	154257	156446	159444	162050	164957	168981
NSW30	New England	146854	146962	146571	146148	146328	147185	148114	149476	151105	152619	153795	155176	156217	157114	157748
NSW31	Newcastle	138976	140142	141500	142564	143582	144411	146080	148014	149434	150984	153145	155016	156217	157628	158957
NSW32	North Sydney	140085	141497	142341	143533	144638	145686	147624	148865	151206	153076	154977	157350	160072	163393	167808
NSW33	Page	150686	151295	151668	152089	152823	154123	155432	156564	157743	159102	159786	160107	160235	160709	161418
NSW34	Parkes	169385	167482	165089	162740	160918	159553	158834	158653	159099	159778	159886	160709	161215	161959	161728
NSW35	Parramatta	144646	145320	146225	147560	149272	151761	155547	160661	165543	169472	172955	176784	182334	187280	192255
NSW36	Paterson	124286	126643	129078	130943	132841	134343	137441	139517	141432	143797	145984	148702	150873	153172	155168
NSW37	Reid	122747	125706	128698	132368	136443	140281	144832	148757	153838	157192	160428	164967	170319	175937	180536
NSW38	Richmond	130157	132618	135271	137268	138238	139524	141493	143693	145848	147437	148401	149426	151367	153207	155303
NSW39	Riverina	151827	151819	151355	150984	151295	152024	152790	153490	154382	155219	155747	156284	156475	157557	158138
NSW4	Berowra	141303	140892	140982	141100	141197	141231	141732	143243	144804	145902	146833	147921	149288	150759	152189
NSW40	Robertson	135653	136444	136628	136389	136620	137024	138101	140031	141469	142534	143033	144075	144985	145982	147142
NSW41	Shortland	137851	138517	138976	139043	139254	139504	140094	141478	143120	144374	145500	146654	147728	148548	149383
NSW42	Sydney	121132	128555	137071	144229	150224	155766	160226	164283	168278	171884	174391	178619	182770	189067	196214
NSW43	Warringah	134391	134597	134719	135026	135353	136412	138991	141023	143733	146251	148467	150467	152888	155148	156906
NSW44	Watson	156590	155783	154975	154554	155382	157024	159875	163611	166641	168849	170770	172869	175451	177782	179191
NSW45	Wentworth	138255	138309	138494	139064	139684	141078	143241	145234	147399	148949	150771	152602	154690	156977	158882
NSW46	Werriwa	133809	137309	139240	140684	142365	144315	146333	148924	152174	154451	156762	159778	163663	167550	171467
NSW47	Whitlam	135042	136713	137987	138828	139274	139927	141424	143156	144766	146477	147505	148514	150011	152010	154050
NSW5	Blaxland	144276	145312	146552	147764	149906	152502	156052	160049	163580	166097	168167	171133	174259	176885	178915
NSW6	Bradfield	137852	139813	140807	140974	140843	141240	143646	146899	149999	152733	155051	157468	160368	162902	165720
NSW7	Calare	147703	148004	148013	147642	147676	147988	149239	151274	153782	155781	157550	159670	161854	163648	165092
NSW8	Chifley	147095	146861	146396	147168	147898	149052	150927	153754	156692	159402	161499	163413	165813	168791	172193
NSW9	Cook	130089	130454	130457	130442	130954	131216	132432	134796	136941	138400	138871	140050	141746	143017	144325
NT1	Solomon	93919	94197	93896	94508	96382	98170	100798	104266	107536	109398	110326	112985	117335	118674	120255
NT2	Lingiari	109866	109987	109724	110083	111491	112880	115094	117921	121000	123060	123694	125645	128004	127494	126881
QLD1	Wide Bay	118750	121094	123714	126397	128728	130887	132825	135445	137899	139342	140284	142095	143792	145119	146030
QLD10	Dickson	111741	114962	118805	121462	124208	126734	130146	133348	136752	139304	141419	144568	146785	149036	151574
QLD11	Rankin	137902	141128	144844	148506	151356	155007	159511	164080	168665	171056	173984	177856	182073	184702	186442
QLD12	Flynn	127090	128793	130685	133172	135161	137911	140557	144030	147665	149362	152120	156111	160148	163498	165073
QLD13	Leichhardt	133971	135886	138780	141615	145235	149392	153861	159235	163723	166786	169310	172342	175356	177351	179222
QLD14	Ryan	129467	132871	136375	138928	141155	143720	146463	149053	152034	154093	155358	157666	159532	161114	162554
QLD15	Herbert	121667	123691	125613	128079	131402	134920	138521	143141	147238	150506	154061	158186	161944	164542	166283
QLD16	Moncrieff	132361	134677	137811	140305	142164	144614	147152	149165	151831	153668	154659	157217	158958	160434	162512
QLD17	Moreton	130835	133512	135301	137067	139409	141726	143478	145934	149168	150936	153180	155840	158258	160232	162041
QLD18	Dawson	127724	130860	133624	136647	140694	144518	147299	149785	152503	154366	156077	159639	162302	163906	164553
QLD19	Blair	110109	111411	112881	114549	116994	119679	122938	126840	132009	136245	140193	143840	146922	149858	152524
QLD2	Bonner	122182	124808	127032	129183	131077	133276	136452	139464	142750	144599	146718	149187	151148	152864	154265
QLD20	Maranoa	139805	140149	140070	140097	140634	141587	143139	145226	147438	149129	151111	152853	154401	154996	154669
QLD21	Groom	124345	125982	127869	130114	133007	135099	136937	139034	141243	142862	144019	146272	148479	150082	151440
QLD22	Petrie	102377	105267	108577	112270	116784	119464	125357	130761	135894	140412	144183	147870	151414	155206	158788
QLD23	Forde	108334	111848	114701	118145	122775	127575	132085	137680	142910	146588	150151	155587	160342	164019	168075
QLD24	Capricornia	127135	128838	130862	133104	135577	138526	141168	143888	146934	148932	151220	155164	158619	160398	160803
QLD25	Brisbane	116543	120433	126022	130257	134205	138954	142784	145854	148459	150196	153013	155840	158917	162030	164885
QLD26	Fairfax	105988	109505	113412	117140	120221	123429	126533	129665	132612	134920	137032	140050	142849	144913	147537
QLD27	Fisher	92386	95691	100918	105379	109304	112570	116106	120429	124699	127389	129456	131922	134214	137023	139204
QLD28	Griffith	119524	122628	125462	128128	131111	133959	137334	141290	144719	146939	150064	153377	156561	159379	162234
QLD29	Fadden	101847	106944	112272	116588	120740	125442	131781	137884	143789	148283	151810	155944	160005	163494	167138
QLD3	Bowman	115832	118870	122994	126010	128654	130760	133596	136771	139859	141552	143711	145707	147264	148700	149989
QLD30	Wright	104270	108099	111927	115525	119708	122931	126776	130482	135176	138343	141191	143402	146336	149131	151359
QLD4	Longman	102130	104988	108740	113692	117700	121609	126442	132157	137874	142486	145970	150114	153550	156617	159345
QLD5	McPherson	113874	118938	124081	128450	131324	134181	138326	140707	143051	144876	147080	149208	150671	152119	153754
QLD6	Kennedy	148678	148803	149101	149078	149683	150357	153077	155924	158041	159358	160366	161915	163203	163913	163881
QLD7	Oxley	107651	111264	115383	120052	124517	128751	133794	138522	143110	146724	149931	154693	159697	164322	168603
QLD8	Hinkler	105176	107222	110281	114188	118051	122171	126197	130418	133978	136287	137688	139699	140842	141983	142636
QLD9	Lilley	131775	133961	134984	135843	136916	138243	140383	143293	146748	149205	151419	154041	156777	158944	161441
SA1	Boothby	137397	137712	138239	138404	138942	139951	141031	142152	143623	144737	145319	146452	147273	148185	148778
SA10	Adelaide	135963	137959	139943	141980	144234	147179	150132	152516	154849	156961	158513	160871	163047	165141	167378
SA11	Barker	143212	143812	144184	144440	145250	145651	146352	146842	147215	147706	147734	147967	148244	148657	148776
SA2	Grey	144688	143838	143874	143668	143440	143889	144910	145660	146386	146992	147116	147776	148205	148638	148658
SA3	Sturt	139688	140195	140440	140730	141222	142235	143773	145069	146677	148026	148681	150145	151271	152779	154284
SA4	Wakefield	133419	134839	136211	137551	139395	141198	143638	146309	149307	152478	155348	158405	161409	164308	166455
SA5	Mayo	115637	117685	119744	121842	123903	125616	127634	129795	131795	133971	135179	136674	137833	139343	140828
SA6	Makin	135301	136577	138277	139064	140245	141734	143575	145091	146690	147903	148276	149126	150012	150956	151737
SA7	Hindmarsh	141031	141176	141431	141505	141795	142819	143908	145173	147149	148845	149762	151220	152489	153899	155106
SA8	Kingston	130093	130831	131135	131655	132461	133731	135374	137311	139647	141761	143600	145390	146633	147962	149217
SA9	Port Adelaide	147032	146943	146921	147350	147917	148526	150292	152747	155564	157942	160086	162009	163858	165682	167443
TAS1	Bass	97126	97474	98465	99318	99800	100143	100926	101769	102653	103361	103750	103681	103834	103929	104088
TAS2	Braddon	98416	97962	98589	99204	99219	99678	100167	101174	102062	102469	102573	102455	102055	101995	101863
TAS3	Franklin	88938	89048	89837	90769	91689	92589	93733	95269	96938	98610	99894	100568	101422	102302	103472
TAS4	Lyons	92563	92907	93852	95382	96939	98227	99218	100444	101839	102866	103387	103681	103765	104183	104575
TAS5	Denison	96625	96761	97791	98505	98555	98665	99218	99912	100861	101541	101879	101721	101991	102317	102588
VIC1	Gippsland	130780	130970	131095	131606	132354	133526	134798	136205	137654	139110	140462	141438	141557	141755	141936
VIC10	Gellibrand	144610	144901	145263	145363	146180	147454	149383	151888	154777	156555	158103	160344	163218	166799	169341
VIC11	Murray	134753	135366	135966	135817	136296	137237	138159	139314	140491	141458	141885	142872	143124	143774	143822
VIC12	Menzies	134120	134442	134431	134482	134885	135343	136167	137203	138278	138523	138578	138928	139514	140872	141829
VIC13	Deakin	132957	133075	133288	133347	133745	134556	136468	138314	140491	141511	142522	144147	146020	147964	149846
VIC14	Scullin	135324	136299	136927	137125	137795	139026	141339	144400	147693	149362	152848	157012	161320	165616	170550
VIC15	Wills	142122	142711	143166	144182	145560	147480	150348	153398	157174	159430	161282	163759	166999	170632	174190
VIC16	McMillan	114153	114985	116691	118944	120823	123438	126538	130589	135657	141557	146934	151456	155557	158715	161451
VIC17	Melbourne	124307	129055	133607	138358	142803	146874	152502	157896	163261	167485	171070	177036	188083	195430	203620
VIC18	Calwell	145550	148230	150073	151839	153582	155207	157068	159095	161343	162594	163075	164427	166512	169397	172354
VIC19	McEwen	98244	101933	107423	112323	117548	122482	129026	135730	144404	154195	163161	171998	181074	188834	196166
VIC2	Mallee	139633	139839	139367	138882	138764	138992	138980	139026	139314	139063	138508	138532	138246	137731	136810
VIC20	Flinders	124191	126214	128091	129215	130692	132353	134646	137418	140474	142651	144394	146509	148569	150542	152229
VIC21	Indi	127450	128274	128936	129647	130155	130694	131055	131639	131912	132749	133537	134282	134964	135607	136016
VIC22	Melbourne Ports	118590	122385	126009	129319	132623	136216	139758	142994	146486	148364	149542	154556	159557	164083	168676
VIC23	La Trobe	112566	117588	122539	126465	129973	133323	136488	140197	143928	146087	147500	148933	149648	150954	153080
VIC24	Bendigo	124674	125909	127421	128576	129501	130963	132743	134389	136321	138076	139885	141693	143558	145789	147326
VIC25	Ballarat	126101	127094	128352	129184	130399	131656	133373	135750	138507	141282	143862	146467	149229	151655	153507
VIC26	Chisholm	141116	141767	142468	143204	144784	146821	149097	151540	154801	156329	157572	159673	161986	164606	166763
VIC27	Corangamite	114674	116731	118506	120129	121892	123607	126095	128883	131756	134483	137135	139381	142216	144624	147225
VIC28	Gorton	91084	96537	103419	110410	118171	125877	134209	142802	152946	162151	169424	176009	182126	188231	194171
VIC29	Kooyong	136105	136578	136882	137330	138002	138806	140136	141778	143374	144208	144873	145924	147648	149695	151811
VIC3	Aston	128505	130008	131121	131283	131592	132615	133705	134692	135902	136357	136205	136123	136354	136759	137087
VIC30	Lalor	101434	105086	110319	116050	123064	129824	138397	147593	158243	170179	181652	193965	204545	215696	226534
VIC31	Casey	130606	131399	131740	131900	132323	133070	134301	135991	138184	139070	139619	140203	140885	141821	142779
VIC32	Corio	131472	133168	134213	134707	135078	135514	136477	137737	139266	140941	142767	144035	145608	147160	149541
VIC33	Jagajaga	139965	139472	139091	138329	138621	139230	140293	141335	142747	143134	143188	143727	144431	145601	146126
VIC34	Hotham	137674	137589	137736	138630	139238	140831	142286	144462	147144	148256	148926	150781	152536	154758	157068
VIC35	Bruce	144965	144622	144353	144419	144950	146094	148056	149928	151783	153049	154523	156308	158136	160440	162312
VIC36	Isaacs	118446	120559	122415	124351	126603	129461	133242	137121	141652	143738	145885	148564	151599	154269	157099
VIC37	Goldstein	132560	133387	134237	135193	136253	137868	139815	142172	144270	145206	146018	147672	149654	152170	154128
VIC4	Wannon	130223	130608	130656	130641	130798	131201	131467	131814	132392	132661	132685	132663	132096	131784	131093
VIC5	Holt	121232	125084	130370	134914	138849	142587	147592	153279	159227	164662	169918	175044	180926	188428	196511
VIC6	Maribyrnong	145880	146146	146185	146247	146800	147858	149920	152530	155503	158088	159539	161361	163644	166662	169442
VIC7	Higgins	133255	134491	135317	136708	138073	139647	141830	144410	146763	147740	148021	151157	153775	157292	159893
VIC8	Dunkley	132598	133327	133888	134767	135620	136606	138246	140446	142506	143922	144631	145613	146526	147659	148527
VIC9	Batman	141696	141945	142248	143263	144857	146929	149519	152417	155310	156875	158088	159929	162105	164306	166622
WA1	Brand	95992	97847	100121	102761	105989	111019	117195	122988	128686	134054	140112	147597	155208	160885	166111
WA10	Burt	111312	113340	115723	118190	120619	123559	127927	133371	139529	145728	151591	159302	166538	171185	175876
WA11	O'Connor	153424	153466	153731	152676	152830	153255	153393	155035	157035	158229	159855	162387	164531	164349	164244
WA12	Pearce	75913	80322	84702	89389	94790	100918	109405	117878	126532	132784	139277	148749	157845	165013	171266
WA13	Perth	121689	123082	124214	125300	126891	129826	133477	138286	143205	146355	150226	155592	160422	162501	163553
WA14	Stirling	123321	123630	124512	125542	126528	128113	132361	136130	140193	142881	146644	152076	156520	158430	159701
WA15	Swan	128064	130436	132521	134332	136367	138326	143334	148434	153000	156291	160838	167078	172651	174580	176421
WA16	Tangney	136302	135912	135478	135195	134762	134688	135937	136742	138493	139576	141305	144123	146762	147804	148105
WA2	Canning	89501	90666	93569	97021	100204	103088	107088	113100	118809	122180	127715	134193	140354	144090	148137
WA3	Cowan	105791	107348	110069	113375	116901	121238	127150	132510	137678	141289	145098	150403	154971	158393	159808
WA4	Curtin	126816	128063	129084	130367	131339	132330	134296	136675	139255	140809	142970	146901	150407	152286	153261
WA5	Durack	160770	162383	163634	164816	166747	169567	171332	175878	180683	184079	188619	193642	198103	197705	196923
WA6	Forrest	104621	105827	106955	109201	113491	117399	119187	123493	127915	131470	134886	139616	144088	147633	150602
WA7	Fremantle	109415	111355	112501	114286	116044	118297	122624	126736	131531	134747	139193	144869	149740	152651	155045
WA8	Hasluck	122368	123391	124162	125093	126306	127395	129192	131359	133703	135564	138303	142210	145808	147718	149053
WA9	Moore	140975	141444	141765	141998	141399	141563	142241	143085	144003	144809	146777	149256	151439	151823	152153
